$ANSIBLE_VAULT;1.1;AES256
65356530313661316430653264656262393862633865613134366364333638323833623262376432
3335323163396562343764343833626134303837306335370a353132373231313564326631363339
37383838313963626564396432633266323930373461343063346332343065366231356232636261
6666383430313534300a333962343138656430656639623232633961303463623834376166386434
30653035386437366234343263393464653063663664633839326461656232623234386361303333
64323163316330323863323134323963363135633736313736343536323036363432626666643266
66643163313162313135653433393636376538323366633632633334613363316234373234623436
31643032616430616631366535623934303465366531383265616364353730646463316431366333
33326566396463643464663131633461633634656462633138316664376133363134356661376538
66613433363938653636623336653339666361346633626434656661376233636635373538346235
36663435653361643963373061333666666535386635613561326366363434666532653233336561
35633064623930666237626366353563363961636435623462326535636666386534396330636265
39646563616665663265343139653039653631623339343161316637646662646166396530366661
64633339306635656530386263666330323130333765356264613135306239313761343838323431
65383864623563353661646436353136346638636631343830623866663066383833393765623232
35343231636164646634346339363238373463383536613061623433306163363966373230306530
38653931323365383334323939303637313730373132346637616533653832646439653636656564
31306333386335333730653338323531663732366131623861333365613066316162643739373830
61616636646437626566643837313766393464333239623434306563633034306464313533373339
34623765373839333266343433653230323539376661333836653132653961383134643130643463
64616165636163306437343837363530663038336237336166623261353961303239656230653566
33356634343531373561336466616562306330323838353163356435306532636634363239363234
61613636633139323166326336363462636630323234646131386535383633346239346364303365
31663164336331616639643762623334656462393335333161356232616465656562663962366531
3363
